image: map_vicoli.pgm
resolution: 0.050000
origin: [-42.884031, -100.119075, 0]
negate: 0
occupied_thresh: 0.65
free_thresh: 0.196

